160330102801393
161108001601399
160106002101097
170517002301228
180125001901132
170830001101201
160418003601287
170910004601133
170414003601338
170802003201124
150604003402336
161210002601060
180129002601292
161105004101021
170114005201145
150209003901280
150411004602265
170105002101143
140811002701127
170407005701110
160415001601129
160522003101222
161119002801067
181225004101295
170418005701157
190225004201062
150411005601111
170710003201296
160129004201206
170712002101061
180625002101371
160106002101230
150602003301302
181226002601336
170711004001204
150105002201271
140811004501081
150828002701165
150209003301089
131218002401116
181221001601344
161104003801058
170904000601021
181223002501396
150705004901014
160421002101048
170805002101056
190212002001242
171230003101140
150406001801326
160418003601289
160422002501343
170614002601299
170713002101213
170802003801290
150428003102214
170106002601135
171101001201071
141102002401361
160420005801294
140806000601289
170912002901390
170130002101139
150204002401296
181224004101310
140609001101078
170106005101283
161105003101024
170205003901392
160401002601301
161009005901023
140610003901147
170711004501170
170603006101343
160531003601037
190206006701090
170602005201171
170121002801315
140316005101247
150603002301216
170416002701269
160529004201234
170907001601213
150207004101034
160421001601257
170530002601158
170802001801166
180126002601120
170725003101307
170511001601174
180625004801086
150607003101349
190209002401174
150604001901128
171001002901375
140708004101117
160602002201355
131123003001208
170410003901376
170506006401159
